5.00 5.40 5.00 5.00 1.00 20.00 3.00 96.60 11.00 23.00
7.60 7.50 7.60 7.60 2.00 20.00 2.80 107.00 14.20 6.00
7.20 7.10 7.20 7.20 2.00 20.00 -0.80 100.90 15.00 11.00
8.80 7.40 8.80 8.80 2.00 20.00 -4.20 100.90 19.20 16.00
11.20 8.50 11.20 11.20 3.00 20.00 -5.40 96.60 20.40 6.00
12.40 8.70 12.40 12.40 1.00 20.00 -4.40 104.30 22.60 8.00
9.40 8.50 9.40 9.40 2.00 20.00 -5.40 105.70 20.00 8.00
9.80 8.50 9.80 9.80 2.00 20.00 -6.40 103.90 21.40 7.00
9.00 8.90 9.00 9.00 1.00 20.00 -4.20 102.70 18.00 8.00
7.40 9.30 7.40 7.40 5.00 20.00 -2.80 104.60 16.00 4.00
7.00 9.70 7.00 7.00 3.00 20.00 -3.40 107.10 17.00 19.00
9.20 9.30 9.20 2.50 3.00 20.00 -0.20 105.60 18.20 9.00
9.40 9.60 9.40 14.50 1.00 20.00 7.40 107.10 17.60 6.00
9.20 9.10 9.20 9.20 3.00 20.00 10.00 101.60 19.80 7.00
9.00 8.20 9.00 9.00 2.00 20.00 8.40 107.30 21.20 13.00
10.80 8.90 10.80 10.80 2.00 20.00 10.20 109.30 22.40 15.00
10.00 9.60 10.00 5.00 1.00 20.00 9.00 107.00 23.40 13.00
10.80 10.10 10.80 14.50 3.00 20.00 7.80 96.60 23.40 22.00
14.00 11.60 14.00 14.00 1.00 20.00 6.80 103.00 24.40 7.00
14.00 11.50 14.00 14.00 2.00 20.00 8.60 102.30 23.60 10.00
13.40 12.10 13.40 13.40 1.00 20.00 7.20 105.60 23.40 10.00
12.40 11.20 12.40 7.50 3.00 20.00 6.60 100.90 21.00 0.00
9.80 10.30 9.80 10.00 1.00 20.00 -0.60 105.60 17.60 9.00
7.20 10.60 7.20 12.50 3.00 20.00 -2.00 107.10 16.80 4.00
6.60 10.30 6.60 6.60 2.00 20.00 -4.20 105.40 18.60 9.00
6.40 9.90 6.40 6.40 2.00 20.00 -4.20 101.80 18.00 4.00
5.20 8.80 5.20 5.50 3.00 20.00 -3.40 100.90 19.00 6.00
6.40 8.10 6.40 6.40 2.00 20.00 2.80 101.50 21.20 9.00
6.40 6.80 6.40 6.40 2.00 20.00 3.40 100.20 20.40 18.00
9.20 7.90 9.20 7.50 2.00 20.00 5.60 103.00 20.00 6.00
8.60 7.50 8.60 8.60 2.00 20.00 5.40 105.40 20.00 9.00
9.60 7.40 9.60 9.60 2.00 20.00 4.40 103.40 18.20 17.00
11.80 9.10 11.80 11.80 2.00 20.00 3.00 98.80 21.40 15.00
13.00 9.70 13.00 13.00 2.00 20.00 4.80 100.90 21.40 3.00
10.00 9.60 10.00 10.00 1.00 20.00 2.60 103.60 20.40 15.00
11.80 10.20 11.80 11.80 2.00 20.00 3.20 100.20 21.60 16.00
13.20 11.40 13.20 13.20 2.00 20.00 5.60 102.70 25.80 27.00
15.20 13.50 15.20 6.00 2.00 20.00 6.80 101.60 25.40 8.00
13.80 13.40 13.80 13.80 2.00 20.00 3.80 103.90 27.60 16.00
16.40 13.20 16.40 16.40 2.00 20.00 6.20 104.80 29.00 13.00
16.00 13.90 16.00 16.00 1.00 20.00 4.20 108.50 27.80 2.00
13.20 13.20 13.20 13.20 2.00 20.00 0.00 103.40 23.60 5.00
8.80 12.00 8.80 8.80 9.00 21.00 -1.40 106.30 22.60 0.00
7.20 10.50 7.20 7.20 2.00 21.00 -1.40 100.90 17.60 23.00
8.60 12.50 8.60 8.60 2.00 21.00 -4.60 106.30 18.40 13.00
8.60 12.30 8.60 8.60 1.00 21.00 -4.80 100.90 18.60 7.00
9.60 11.40 9.60 9.60 2.00 21.00 -1.20 104.30 21.00 5.00
9.60 9.20 9.60 9.00 3.00 21.00 -1.40 105.40 18.20 10.00
11.60 9.40 11.60 11.60 2.00 21.00 -1.20 109.30 21.20 14.00
9.80 9.20 9.80 9.80 2.00 21.00 4.40 108.50 20.80 15.00
10.20 9.40 10.20 6.50 2.00 21.00 5.20 104.30 23.60 13.00
11.40 10.50 11.40 11.40 2.00 21.00 5.40 104.80 22.60 20.00
14.40 12.00 14.40 9.50 2.00 21.00 6.60 107.00 27.20 18.00
16.00 13.80 16.00 16.00 2.00 21.00 11.00 103.60 28.80 0.00
13.20 11.50 13.20 13.20 2.00 21.00 6.80 101.50 26.60 12.00
12.60 11.40 12.60 12.60 1.00 21.00 7.80 104.60 25.40 14.00
12.80 12.10 12.80 12.80 2.00 21.00 5.00 98.80 26.20 8.00
10.40 12.40 10.40 10.40 2.00 21.00 -2.00 101.80 23.80 11.00
9.00 12.50 9.00 9.00 2.00 21.00 -4.80 102.30 23.40 11.00
11.20 12.20 11.20 11.20 2.00 21.00 -8.80 106.70 24.60 18.00
12.40 12.50 12.40 14.50 2.00 21.00 -7.80 109.30 24.40 8.00
11.20 12.00 11.20 11.50 2.00 21.00 -7.20 100.90 23.80 5.00
10.60 10.50 10.60 9.00 1.00 21.00 -5.80 104.30 23.60 2.00
8.80 8.90 8.80 9.50 2.00 21.00 -5.00 105.40 23.40 9.00
8.40 9.80 8.40 6.50 1.00 21.00 0.40 107.30 24.60 9.00
6.60 9.50 6.60 6.50 2.00 21.00 -3.00 106.30 23.80 6.00
6.20 8.70 6.20 6.50 3.00 21.00 -2.80 103.00 25.80 7.00
6.60 8.60 6.60 14.00 3.00 21.00 -1.00 96.60 25.40 8.00
7.80 8.30 7.80 7.50 2.00 21.00 1.80 101.60 27.00 19.00
9.80 9.10 9.80 9.50 3.00 21.00 -2.00 105.60 28.40 18.00
11.60 9.10 11.60 11.00 196.00 21.00 0.40 104.90 30.80 5.00
11.40 8.80 11.40 13.50 3.00 21.00 1.60 107.80 28.60 23.00
14.60 10.60 14.60 17.50 2.00 21.00 3.20 104.90 31.60 12.00
15.40 11.60 15.40 5.00 3.00 21.00 -3.40 109.10 29.60 8.00
13.20 11.50 13.20 11.00 2.00 21.00 1.20 105.30 25.20 6.00
10.80 11.20 10.80 13.00 1.00 21.00 -2.40 105.50 22.80 9.00
11.60 11.50 11.60 9.50 2.00 21.00 -2.20 104.50 23.00 12.00
9.40 12.00 9.40 3.00 2.00 21.00 -1.00 101.10 21.80 4.00
7.80 11.60 7.80 5.50 2.00 21.00 -3.40 105.30 21.00 6.00
7.40 10.30 14.00 20.50 1.00 21.00 -6.00 107.80 22.20 0.00
6.20 8.50 6.20 15.50 3.00 21.00 -1.00 109.30 22.80 10.00
6.40 9.00 6.40 19.50 2.00 21.00 -2.40 104.90 22.20 8.00
5.60 7.50 5.60 13.50 2.00 21.00 -2.80 102.70 22.00 12.00
7.20 7.50 7.20 11.50 2.00 21.00 3.60 104.50 22.60 8.00
7.60 7.50 10.20 15.50 1.00 21.00 7.40 102.70 22.20 9.00
9.40 7.80 9.40 6.50 2.00 21.00 4.60 105.10 21.60 7.00
8.80 7.60 10.20 14.00 2.00 21.00 3.60 109.30 23.60 13.00
9.80 7.70 9.80 10.50 3.00 21.00 5.20 104.10 24.40 17.00
10.80 9.00 10.80 8.50 7.00 21.00 3.20 108.00 25.00 14.00
12.00 9.80 12.00 7.50 1.00 21.00 4.20 106.90 25.60 17.00
13.60 11.50 13.60 9.00 2.00 21.00 0.80 108.00 26.60 14.00
15.00 11.90 15.00 7.50 2.00 21.00 6.40 106.30 26.00 27.00
17.80 13.80 12.00 11.50 3.00 21.00 4.60 107.80 25.00 13.00
17.00 13.90 17.00 16.50 2.00 21.00 7.40 108.70 24.00 10.00
16.20 14.10 11.00 14.50 2.00 21.00 5.00 106.30 23.80 27.00
18.20 15.90 18.20 6.00 1.00 21.00 13.00 105.80 25.80 9.00
17.20 16.10 17.20 11.50 3.00 21.00 4.40 103.10 24.80 8.00
13.40 15.60 13.40 7.00 3.00 21.00 5.00 105.80 23.40 24.00
15.60 16.30 9.40 6.00 2.00 21.00 5.40 109.10 26.00 16.00
16.80 16.50 16.80 16.80 2.00 21.00 3.60 106.40 28.80 25.00
16.40 17.30 5.00 5.00 3.00 21.00 -0.60 101.10 25.60 21.00
18.80 18.00 18.80 9.50 1.00 21.00 2.60 109.10 26.40 18.00
20.80 17.10 20.80 15.00 2.00 21.00 -2.40 100.90 28.20 19.00
19.80 17.70 19.80 17.00 7.00 21.00 -7.60 106.30 27.20 22.00
21.00 18.90 21.00 14.00 4.00 21.00 -1.20 108.00 26.40 30.00
22.00 19.20 22.00 11.00 1.00 21.00 2.60 110.60 29.20 29.00
23.60 21.20 15.60 13.50 2.00 21.00 7.80 100.90 31.00 35.00
27.00 23.90 12.20 16.50 2.00 21.00 8.40 105.80 33.00 19.00
27.00 23.40 10.60 12.00 1.00 21.00 14.20 109.10 31.80 18.00
26.20 23.60 11.00 10.50 2.00 21.00 7.00 102.70 31.20 23.00
24.80 23.40 12.00 11.50 2.00 21.00 4.00 109.30 31.00 29.00
24.80 24.20 24.80 8.00 8.00 21.00 4.00 106.40 31.40 20.00
21.80 24.40 18.00 27.00 1.00 21.00 9.00 100.90 30.20 11.00
20.20 23.60 14.80 27.00 2.00 21.00 2.20 106.30 29.00 13.00
19.20 22.70 19.20 8.00 2.00 21.00 7.20 103.10 28.40 18.00
18.20 21.50 18.20 15.00 2.00 21.00 4.20 108.70 28.20 40.00
20.40 22.60 20.40 10.50 1.00 21.00 3.80 108.00 28.40 27.00
21.80 21.80 8.40 12.50 2.00 21.00 0.20 101.10 29.60 17.00
23.00 21.60 10.40 17.00 2.00 21.00 9.60 109.10 33.80 15.00
23.40 21.30 23.40 12.00 8.00 22.00 6.20 109.10 35.80 4.00
20.60 19.40 20.60 14.50 1.00 22.00 9.60 108.00 34.20 2.00
13.00 16.70 9.80 10.50 2.00 22.00 7.00 104.50 29.80 10.00
9.60 15.70 9.60 12.00 2.00 22.00 9.80 104.50 28.80 19.00
10.00 16.50 10.00 14.00 1.00 22.00 7.00 106.40 28.20 13.00
9.60 16.50 9.60 7.50 3.00 22.00 10.20 106.10 27.40 31.00
15.00 17.80 15.00 16.00 6.00 22.00 9.00 105.50 28.80 21.00
18.80 15.90 8.20 11.00 1.00 22.00 9.40 109.10 31.20 20.00
20.80 15.20 20.80 18.50 2.00 22.00 11.40 110.60 30.60 18.00
20.60 15.30 12.80 21.50 3.00 22.00 10.80 105.80 28.80 17.00
21.40 15.50 21.40 6.00 2.00 22.00 8.80 106.40 28.80 16.00
18.40 16.70 18.40 12.50 2.00 22.00 10.20 106.40 26.60 22.00
18.60 18.70 18.60 19.00 2.00 22.00 6.80 108.00 29.20 16.00
17.80 19.30 17.80 19.00 2.00 22.00 5.00 106.30 29.00 30.00
20.20 20.40 20.20 7.00 2.00 22.00 3.60 104.90 31.00 8.00
18.40 19.90 12.60 6.50 2.00 22.00 1.00 107.80 28.60 17.00
18.60 18.50 18.60 21.00 3.00 22.00 -1.80 106.10 31.40 26.00
19.40 19.00 19.40 14.50 2.00 22.00 0.60 104.10 30.80 19.00
20.00 18.90 7.00 6.50 2.00 22.00 2.80 104.90 32.00 21.00
18.20 19.20 10.40 19.00 1.00 22.00 -0.60 106.40 32.00 12.00
19.00 18.70 11.20 14.50 2.00 22.00 2.20 104.90 35.20 23.00
20.20 19.40 7.00 7.00 2.00 22.00 7.40 105.10 33.80 23.00
19.60 19.50 16.40 20.00 2.00 22.00 6.20 106.30 32.60 7.00
17.20 18.60 10.00 15.00 1.00 22.00 1.60 105.10 29.60 29.00
18.80 18.50 14.20 16.00 189.00 22.00 5.00 101.60 30.80 7.00
17.80 18.40 12.20 12.00 3.00 22.00 1.60 109.00 31.20 0.00
13.20 16.70 13.20 8.50 2.00 22.00 2.20 106.20 31.40 29.00
14.40 17.00 14.40 28.50 2.00 22.00 2.60 107.00 32.20 18.00
16.60 16.90 16.60 13.00 2.00 22.00 0.20 108.20 34.20 18.00
14.40 16.60 14.40 8.00 2.00 22.00 0.00 108.50 33.00 21.00
17.20 17.50 17.20 25.00 1.00 22.00 3.20 108.40 31.60 28.00
22.80 18.00 22.80 10.00 2.00 22.00 0.00 103.40 31.60 8.00
18.60 16.50 18.60 18.00 2.00 22.00 4.20 104.00 30.80 19.00
18.80 17.70 9.60 19.00 1.00 22.00 7.00 104.20 31.60 8.00
16.80 15.60 10.80 11.50 3.00 22.00 2.20 108.50 28.80 41.00
20.80 19.00 14.40 26.00 2.00 22.00 5.80 104.70 29.20 15.00
18.20 20.50 18.20 22.00 2.00 22.00 5.80 107.70 28.80 12.00
19.00 18.80 14.20 15.00 2.00 22.00 6.80 104.20 30.20 6.00
16.40 17.60 13.20 22.00 4.00 22.00 7.80 105.60 30.40 13.00
17.40 17.10 16.80 23.50 2.00 22.00 15.60 105.60 31.80 6.00
10.40 15.60 9.60 10.00 1.00 22.00 7.40 109.00 28.00 16.00
10.60 14.40 12.40 17.00 2.00 22.00 11.20 103.80 29.40 17.00
11.60 15.30 10.00 11.00 2.00 22.00 3.80 108.40 27.00 28.00
16.00 16.20 14.00 15.00 4.00 22.00 7.20 101.60 27.20 7.00
14.80 16.10 14.80 13.50 2.00 22.00 -1.40 109.10 27.00 8.00
15.20 12.80 14.00 18.00 15.00 22.00 0.60 105.60 27.80 13.00
14.60 12.60 16.20 22.00 3.00 22.00 -5.00 104.70 25.20 13.00
13.80 12.70 12.20 16.50 2.00 22.00 -2.00 108.40 25.00 22.00
12.60 14.30 11.80 11.50 2.00 22.00 -5.60 104.20 25.00 27.00
16.60 15.70 11.20 12.50 1.00 22.00 4.20 104.20 27.20 18.00
18.60 16.90 11.60 7.00 3.00 22.00 8.80 101.60 31.40 13.00
18.60 16.60 15.80 18.50 1.00 22.00 11.80 108.40 32.20 22.00
20.40 17.10 20.40 21.50 3.00 22.00 11.40 102.00 35.40 19.00
19.80 16.20 16.60 21.00 4.00 22.00 14.40 110.60 35.60 14.00
17.20 16.90 11.80 10.00 2.00 22.00 13.40 101.60 35.40 8.00
15.20 16.90 11.60 8.00 1.00 22.00 11.20 109.00 34.40 8.00
14.20 16.40 13.60 13.00 2.00 22.00 6.40 104.20 36.00 22.00
14.20 17.30 13.40 18.00 2.00 22.00 6.60 108.20 35.00 9.00
12.20 16.00 13.80 19.00 2.00 22.00 1.00 108.40 34.00 14.00
12.20 14.70 19.00 23.00 1.00 22.00 -2.20 102.40 32.40 23.00
15.20 15.20 15.20 10.00 3.00 22.00 -7.00 107.40 32.00 29.00
19.40 16.80 14.80 18.00 1.00 22.00 -4.80 107.70 31.80 18.00
18.60 16.40 16.80 21.50 2.00 22.00 -7.20 110.60 31.40 14.00
19.60 15.90 12.60 16.50 3.00 22.00 -4.60 104.20 32.00 16.00
20.00 16.10 22.20 34.00 3.00 22.00 -4.40 108.40 33.00 18.00
19.00 17.10 20.60 18.00 2.00 22.00 1.60 107.40 34.00 11.00
15.40 17.40 15.40 15.00 2.00 22.00 3.80 101.50 35.40 24.00
16.60 17.60 19.20 17.00 1.00 22.00 7.80 102.40 35.60 13.00
16.40 18.00 17.40 14.00 2.00 22.00 6.40 104.70 35.40 29.00
19.00 19.50 17.20 20.00 2.00 22.00 5.60 104.20 36.20 19.00
19.20 19.10 18.00 22.00 2.00 22.00 3.20 107.00 35.80 15.00
20.00 17.70 15.20 14.50 4.00 22.00 4.40 103.80 34.20 14.00
18.00 17.30 16.00 14.00 1.00 22.00 -2.40 110.60 31.60 21.00
19.60 18.00 20.20 18.00 3.00 22.00 0.20 102.40 30.20 23.00
18.40 18.70 18.40 16.50 2.00 22.00 1.40 107.10 29.40 30.00
20.60 19.90 21.00 18.00 8.00 23.00 3.60 102.40 29.60 28.00
23.20 21.60 16.20 15.50 2.00 23.00 2.40 103.80 30.00 21.00
24.60 21.30 17.40 17.50 2.00 23.00 5.40 107.70 31.80 18.00
24.00 21.80 14.60 21.00 3.00 23.00 5.60 108.40 32.00 9.00
21.20 19.80 21.20 21.50 1.00 23.00 4.60 109.50 32.00 9.00
17.00 18.80 17.40 20.00 3.00 23.00 4.80 107.40 31.60 4.00
12.20 17.70 14.60 12.50 1.00 23.00 1.40 109.50 30.00 36.00
15.20 19.90 15.00 12.00 2.00 23.00 3.40 105.60 30.40 21.00
15.80 19.90 9.60 12.00 2.00 23.00 4.80 109.00 31.40 20.00
18.00 19.60 16.40 13.50 2.00 23.00 10.20 105.60 30.80 15.00
19.20 18.10 19.20 6.00 2.00 23.00 8.80 104.80 29.80 23.00
23.00 17.60 14.60 11.50 2.00 23.00 13.40 108.40 32.20 17.00
19.20 17.20 15.20 19.00 2.00 23.00 13.00 104.00 32.60 34.00
21.80 18.80 11.60 13.50 2.00 23.00 10.60 109.10 35.60 21.00
22.00 20.00 22.00 23.00 2.00 23.00 7.60 106.20 34.40 25.00
24.00 21.60 24.00 22.00 3.00 23.00 9.00 102.00 36.40 14.00
22.20 22.60 12.60 8.00 1.00 23.00 4.80 103.40 35.00 29.00
24.60 21.90 21.80 21.00 3.00 23.00 5.80 104.70 36.00 23.00
22.40 22.10 15.80 21.50 2.00 23.00 7.80 107.10 34.60 35.00
25.20 23.60 25.20 26.00 2.00 23.00 5.20 105.60 38.60 30.00
26.20 25.10 18.60 22.00 2.00 23.00 4.60 108.40 38.80 16.00
26.60 24.40 19.20 18.00 2.00 23.00 6.00 107.70 39.80 23.00
25.40 25.00 15.80 21.50 2.00 23.00 7.40 104.20 38.60 15.00
23.80 23.10 18.60 19.00 2.00 23.00 8.80 108.40 38.00 35.00
23.80 24.50 19.00 20.50 189.00 23.00 9.20 109.00 38.40 21.00
22.00 24.10 18.20 17.50 3.00 23.00 9.00 112.20 37.60 35.00
25.80 26.20 16.80 20.50 1.00 23.00 14.60 106.50 36.60 23.00
25.80 25.60 12.80 14.00 2.00 23.00 11.60 108.70 36.20 14.00
25.60 24.70 17.80 18.00 2.00 23.00 11.60 107.30 33.20 24.00
23.40 23.60 15.60 13.00 4.00 23.00 9.20 110.40 30.60 12.00
21.60 21.80 14.40 14.50 2.00 23.00 8.60 110.90 29.60 22.00
19.00 22.40 19.80 22.50 1.00 23.00 3.60 115.10 30.00 4.00
15.20 20.50 11.60 10.50 2.00 23.00 6.20 103.20 28.00 7.00
13.80 19.70 16.00 22.50 2.00 23.00 4.20 104.90 29.20 8.00
10.60 17.00 15.60 13.00 2.00 23.00 4.40 106.20 28.00 4.00
9.00 15.30 18.60 31.00 2.00 23.00 3.40 107.00 27.40 37.00
12.00 15.50 21.20 32.50 2.00 23.00 3.60 103.00 27.40 20.00
15.20 15.20 17.20 17.50 2.00 23.00 -1.60 107.90 28.80 14.00
16.60 15.20 12.20 13.50 2.00 23.00 -6.00 111.20 29.60 12.00
17.40 14.00 16.40 12.50 2.00 23.00 2.20 110.40 29.20 25.00
21.60 15.30 23.60 27.50 2.00 23.00 0.00 103.00 30.80 20.00
18.20 15.10 22.00 25.50 2.00 23.00 -4.20 110.20 30.80 7.00
15.60 15.40 14.80 21.00 2.00 23.00 0.00 105.80 32.40 6.00
14.00 15.30 21.80 26.00 1.00 23.00 4.20 104.70 30.40 16.00
14.80 16.10 16.80 19.50 3.00 23.00 -0.20 107.30 30.80 14.00
12.60 17.10 16.20 15.50 3.00 23.00 4.80 108.10 28.60 15.00
11.60 14.90 16.80 18.50 3.00 23.00 8.40 104.30 28.40 23.00
14.80 15.20 15.20 9.00 2.00 23.00 10.40 105.80 28.20 12.00
16.00 15.00 20.20 16.50 2.00 23.00 11.00 110.20 30.60 16.00
16.00 15.40 13.00 10.50 1.00 23.00 9.60 111.20 31.80 24.00
18.00 15.30 14.40 10.50 2.00 23.00 5.60 106.20 33.80 27.00
20.40 16.00 19.20 19.50 4.00 23.00 6.40 104.70 35.00 24.00
20.60 17.70 16.00 26.00 2.00 23.00 5.60 104.30 35.00 26.00
23.40 19.70 12.80 7.50 2.00 23.00 3.80 108.30 35.00 32.00
26.60 21.30 19.40 22.00 4.00 23.00 5.20 109.00 35.40 19.00
25.60 21.80 19.60 25.50 4.00 23.00 3.20 108.30 33.00 4.00
21.00 20.70 18.20 16.00 2.00 23.00 0.20 108.30 31.60 21.00
20.40 20.50 22.60 28.00 1.00 23.00 -1.20 112.20 31.80 23.00
19.80 21.60 23.20 23.00 3.00 23.00 1.00 110.90 32.40 19.00
17.20 21.90 11.60 17.00 2.00 23.00 -0.80 108.70 32.20 26.00
18.60 22.10 21.20 15.50 2.00 23.00 4.80 110.20 34.40 39.00
25.60 23.30 15.60 17.50 2.00 23.00 8.20 107.90 35.00 24.00
26.20 23.30 20.20 26.50 1.00 23.00 3.20 105.10 33.20 29.00
27.40 23.60 19.80 20.00 2.00 23.00 2.60 109.00 33.60 18.00
27.20 22.20 21.40 29.00 2.00 23.00 2.60 112.20 32.40 23.00
26.60 22.60 15.80 15.00 1.00 23.00 1.80 108.10 32.80 40.00
26.80 26.20 18.00 21.00 2.00 23.00 3.60 106.50 33.40 17.00
25.40 25.80 15.60 21.50 2.00 23.00 3.80 110.90 32.40 18.00
23.20 25.30 18.40 20.00 2.00 23.00 7.20 115.10 29.40 19.00
23.40 25.30 8.40 7.50 4.00 23.00 10.20 103.20 29.40 28.00
24.40 25.50 24.40 16.50 3.00 23.00 6.40 107.10 30.00 32.00
22.80 24.80 14.20 15.50 2.00 23.00 6.20 106.20 29.40 24.00
24.20 24.80 17.20 18.50 2.00 23.00 11.40 110.40 31.80 20.00
24.60 23.90 18.00 19.00 2.00 23.00 9.60 107.90 34.20 31.00
27.00 25.20 20.40 21.00 1.00 23.00 8.20 110.20 34.80 13.00
24.00 24.20 11.40 14.50 2.00 23.00 10.20 106.90 33.20 16.00
20.80 21.80 23.00 39.00 2.00 23.00 3.80 107.00 31.60 25.00
21.00 22.60 21.60 23.00 2.00 23.00 3.80 107.10 31.40 27.00
22.40 23.50 23.60 31.50 3.00 23.00 0.80 105.10 31.00 23.00
20.80 23.90 16.80 20.00 2.00 23.00 1.20 108.70 32.00 20.00
22.20 23.10 16.60 18.00 9.00 24.00 1.80 108.30 33.40 19.00
22.80 21.80 19.80 18.50 2.00 24.00 5.60 109.00 34.20 22.00
22.20 21.60 21.00 20.00 2.00 24.00 7.40 104.70 33.00 36.00
24.00 23.20 12.60 17.50 2.00 24.00 11.40 103.20 33.00 16.00
22.60 21.70 16.60 22.50 2.00 24.00 8.60 110.40 32.20 20.00
22.60 22.40 17.80 12.50 2.00 24.00 9.40 108.30 29.40 22.00
23.20 23.00 16.00 19.00 2.00 24.00 10.80 107.30 31.00 12.00
21.20 21.70 19.80 20.00 2.00 24.00 11.20 106.50 32.40 16.00
17.20 20.60 18.60 10.00 4.00 24.00 1.00 110.20 31.20 18.00
17.60 20.10 19.00 25.50 2.00 24.00 1.00 108.30 30.00 11.00
15.80 19.20 23.20 30.00 2.00 24.00 -2.60 104.20 31.60 26.00
16.60 19.90 17.00 16.00 2.00 24.00 -3.60 104.90 30.80 21.00
18.40 19.80 17.20 27.00 3.00 24.00 -3.80 111.30 31.00 15.00
18.20 17.70 23.00 18.50 1.00 24.00 0.00 110.90 32.20 21.00
18.80 18.20 24.80 28.00 2.00 24.00 3.00 104.20 32.60 19.00
20.40 18.10 11.20 19.50 2.00 24.00 1.60 106.90 32.60 23.00
19.80 18.20 20.80 27.50 2.00 24.00 -1.20 107.90 32.40 16.00
18.80 18.60 25.60 30.00 1.00 24.00 -4.40 104.70 30.20 23.00
20.40 19.30 17.20 20.00 2.00 24.00 -1.00 111.30 30.00 23.00
20.80 19.80 19.40 16.50 2.00 24.00 -4.20 106.50 30.40 10.00
19.00 19.70 19.60 21.50 1.00 24.00 -2.40 108.30 30.00 20.00
18.40 19.10 22.60 27.50 2.00 24.00 3.00 108.10 29.20 22.00
19.60 19.20 14.40 22.00 4.00 24.00 4.40 103.20 31.60 2.00
15.40 17.90 17.80 15.50 1.00 24.00 0.00 110.20 28.00 29.00
16.60 18.70 21.60 31.00 196.00 24.00 3.00 111.80 29.40 20.00
18.60 18.80 23.20 23.00 2.00 24.00 7.80 108.40 28.60 23.00
19.20 18.80 17.60 23.00 3.00 24.00 5.80 109.60 31.00 9.00
16.60 18.10 15.40 15.00 1.00 24.00 4.00 109.50 29.20 10.00
18.20 16.80 18.00 20.00 2.00 24.00 10.00 109.40 32.60 13.00
15.00 15.80 14.80 9.00 2.00 24.00 3.60 107.10 30.60 20.00
15.00 16.80 24.80 26.00 3.00 24.00 3.60 107.20 32.00 9.00
12.20 15.70 23.40 29.50 3.00 24.00 4.20 106.30 28.40 26.00
15.60 16.10 20.40 23.50 2.00 24.00 8.40 110.00 30.40 20.00
17.60 17.90 16.20 18.00 2.00 24.00 5.00 112.30 31.00 20.00
19.00 17.00 25.20 31.00 2.00 24.00 7.80 107.10 31.80 18.00
18.60 16.80 16.20 25.50 3.00 24.00 4.60 107.50 31.20 9.00
18.60 15.40 21.20 23.50 3.00 24.00 6.80 107.40 31.80 27.00
18.80 17.20 16.60 14.50 2.00 24.00 4.60 104.50 30.60 18.00
18.40 18.00 25.00 23.00 2.00 24.00 7.00 108.40 30.40 8.00
16.00 17.50 21.80 19.00 2.00 24.00 9.00 112.70 30.60 8.00
14.00 16.30 17.80 14.50 4.00 24.00 11.40 109.60 30.00 7.00
13.60 16.10 17.20 13.00 3.00 24.00 6.40 103.80 32.00 13.00
10.80 14.80 25.20 20.00 2.00 24.00 3.80 110.60 32.40 6.00
8.40 13.40 18.40 19.50 1.00 24.00 3.80 104.50 30.40 30.00
12.80 14.40 28.40 21.50 2.00 24.00 2.20 107.10 30.20 24.00
16.00 15.00 23.60 26.50 2.00 24.00 -1.80 106.30 32.00 15.00
17.60 15.60 22.40 21.00 2.00 24.00 0.40 111.80 31.40 20.00
19.00 14.90 24.40 29.50 2.00 24.00 2.20 106.30 30.80 28.00
23.40 15.90 18.40 13.50 1.00 24.00 3.20 110.60 32.80 25.00
22.40 17.60 16.00 16.00 3.00 24.00 4.00 107.10 33.80 18.00
21.20 18.60 17.40 24.50 2.00 24.00 7.80 110.00 33.20 22.00
22.60 20.10 15.60 12.50 2.00 24.00 8.60 103.80 33.20 18.00
22.20 20.60 22.40 15.50 1.00 24.00 10.40 108.40 32.40 22.00
21.00 22.20 18.00 16.50 2.00 24.00 12.40 109.40 31.60 23.00
20.60 21.50 16.20 16.50 3.00 24.00 9.00 107.50 30.60 31.00
23.20 22.20 15.20 8.00 1.00 24.00 11.80 109.60 31.00 17.00
22.20 22.40 22.40 21.50 2.00 24.00 11.00 107.40 29.80 21.00
22.80 22.50 25.40 22.50 2.00 24.00 7.60 105.10 30.80 22.00
22.80 21.90 20.00 15.50 2.00 24.00 0.80 112.70 29.40 14.00
21.00 20.80 16.60 22.00 2.00 24.00 3.40 112.30 29.20 47.00
24.20 23.70 15.20 10.50 2.00 24.00 -1.20 109.50 30.00 33.00
27.40 24.80 16.80 11.50 3.00 24.00 -3.40 113.60 30.80 19.00
27.00 24.90 20.60 20.00 1.00 24.00 -2.80 105.30 31.20 20.00
26.60 24.70 22.80 27.50 3.00 24.00 0.00 110.60 32.60 12.00
26.20 23.60 17.00 13.00 1.00 24.00 0.60 110.90 32.40 23.00
21.40 22.80 25.40 20.50 3.00 24.00 4.20 105.10 33.80 30.00
20.80 24.10 20.40 21.00 1.00 24.00 4.40 110.00 34.00 17.00
20.40 23.70 23.80 24.00 2.00 24.00 3.60 107.40 34.00 19.00
20.20 23.40 20.20 18.00 2.00 24.00 0.80 109.40 34.60 27.00
23.20 24.70 22.80 20.00 2.00 24.00 1.60 107.40 35.80 24.00
23.40 22.40 19.00 20.00 2.00 24.00 -2.00 107.50 34.60 25.00
22.40 21.60 12.20 9.00 2.00 24.00 -3.40 107.40 36.00 28.00
24.60 22.50 23.60 20.00 1.00 24.00 -3.00 100.60 36.20 15.00
23.80 22.00 14.80 19.50 2.00 24.00 -3.00 110.40 36.00 39.00
26.20 24.70 23.40 20.00 2.00 24.00 -1.80 111.80 37.00 29.00
27.20 25.30 16.20 15.00 1.00 24.00 2.80 107.40 35.60 30.00
28.20 25.30 19.80 15.00 3.00 24.00 6.60 108.40 35.80 23.00
27.20 25.90 19.00 21.00 2.00 24.00 8.00 110.90 35.60 19.00
28.00 25.90 16.20 15.50 2.00 24.00 10.60 103.80 36.60 22.00
24.60 25.40 25.40 25.50 9.00 25.00 6.00 106.30 36.00 32.00
25.20 26.20 21.20 19.50 2.00 25.00 1.00 110.00 36.60 24.00
24.00 26.10 21.40 31.00 2.00 25.00 2.60 110.40 34.80 16.00
22.60 24.90 20.00 21.00 3.00 25.00 1.40 105.30 33.60 21.00
23.00 25.50 18.80 24.50 2.00 25.00 -2.40 102.00 31.00 23.00
23.20 23.90 17.80 16.50 2.00 25.00 3.20 110.90 30.60 16.00
20.00 22.60 20.00 25.50 2.00 25.00 1.60 110.60 30.20 14.00
18.00 21.00 17.40 19.00 2.00 25.00 -1.60 113.60 30.00 8.00
16.40 19.50 24.00 17.50 2.00 25.00 -1.00 100.60 30.80 10.00
14.20 18.60 21.00 21.50 2.00 25.00 3.20 109.50 31.80 14.00
12.40 17.80 22.80 16.00 143.00 25.00 0.60 107.20 31.60 19.00
13.00 16.50 28.60 30.00 2.00 25.00 0.60 106.30 32.00 30.00
16.20 17.10 17.20 19.50 2.00 25.00 2.00 110.90 33.80 25.00
19.60 18.00 26.20 24.50 1.00 25.00 3.60 111.80 33.80 8.00
19.20 16.70 20.80 29.00 2.00 25.00 2.20 107.40 32.60 30.00
22.40 17.40 15.80 20.00 2.00 25.00 3.00 103.80 34.20 12.00
21.00 17.00 20.00 20.50 2.00 25.00 4.00 105.30 32.60 17.00
18.40 17.30 21.80 24.50 2.00 25.00 3.20 102.00 30.40 2.00
13.80 16.70 15.80 12.00 131.00 25.00 0.40 114.60 26.00 29.00
18.00 18.60 19.60 19.00 2.00 25.00 1.60 108.70 29.60 24.00
16.80 19.60 21.40 21.50 3.00 25.00 -4.20 112.40 28.80 19.00
18.20 19.60 16.40 23.00 1.00 25.00 0.80 114.60 30.40 26.00
20.00 19.20 19.80 22.50 3.00 25.00 0.00 108.80 32.60 17.00
23.00 18.40 22.40 20.50 2.00 25.00 1.40 112.10 36.60 19.00
21.00 19.50 20.40 21.50 2.00 25.00 5.80 112.10 34.60 35.00
23.20 20.00 17.40 23.50 2.00 25.00 12.40 110.40 34.40 38.00
27.00 22.60 22.80 20.50 2.00 25.00 7.20 105.10 35.80 15.00
24.80 22.40 17.80 15.50 1.00 25.00 11.80 105.70 33.80 22.00
25.80 24.40 29.00 21.00 2.00 25.00 13.20 110.60 33.80 23.00
26.60 23.80 16.40 19.50 2.00 25.00 5.60 107.70 34.20 23.00
24.20 23.70 21.20 30.00 3.00 25.00 5.00 105.70 34.00 35.00
23.60 25.30 29.80 31.00 2.00 25.00 7.40 111.90 33.80 27.00
26.00 25.40 18.60 20.00 3.00 25.00 5.00 108.80 33.60 31.00
27.80 26.80 20.20 24.00 1.00 25.00 0.80 108.80 35.60 29.00
29.00 27.80 21.20 26.00 2.00 25.00 4.60 110.40 37.20 20.00
28.40 26.30 22.80 14.00 2.00 25.00 0.60 108.50 36.80 21.00
25.60 24.60 21.40 22.00 2.00 25.00 2.60 110.70 35.60 35.00
27.20 26.60 25.00 32.50 2.00 25.00 -1.60 105.70 37.80 47.00
30.40 29.10 15.40 17.00 4.00 25.00 3.80 104.80 37.20 13.00
27.20 28.10 17.60 27.50 2.00 25.00 0.60 114.60 35.80 50.00
33.20 30.80 20.00 12.50 2.00 25.00 3.00 109.10 37.20 35.00
36.00 30.80 17.20 13.50 2.00 25.00 -0.60 112.10 38.20 12.00
31.40 29.30 28.00 28.50 2.00 25.00 7.60 111.90 36.40 22.00
26.40 28.40 15.60 12.50 2.00 25.00 5.80 104.80 36.40 23.00
28.40 27.80 20.20 24.00 2.00 25.00 10.60 110.00 36.40 43.00
27.00 30.10 17.00 11.00 1.00 25.00 10.60 110.50 35.80 33.00
26.60 31.30 12.40 10.00 2.00 26.00 12.00 112.10 35.40 16.00
27.40 29.40 22.40 33.50 2.00 26.00 8.20 110.60 36.00 15.00
26.00 26.20 19.80 18.50 2.00 26.00 5.80 113.40 36.00 41.00
29.60 29.00 18.60 23.50 2.00 26.00 2.60 110.50 36.60 24.00
25.80 26.40 27.80 24.50 2.00 26.00 1.80 111.90 36.60 19.00
23.00 24.80 17.60 20.00 2.00 26.00 7.60 109.90 35.20 39.00
27.60 27.50 20.00 22.50 1.00 26.00 7.40 109.10 36.20 37.00
32.00 29.00 25.40 26.00 2.00 26.00 12.40 109.60 36.00 20.00
27.80 28.70 23.20 28.00 8.00 26.00 11.80 108.50 35.80 28.00
28.60 27.20 23.00 29.00 1.00 26.00 11.60 110.40 35.40 26.00
30.00 26.50 23.40 25.00 2.00 26.00 2.40 109.60 36.60 32.00
28.60 28.10 19.20 13.00 2.00 26.00 -1.80 110.60 35.80 12.00
23.60 27.80 21.60 28.50 2.00 26.00 0.00 109.90 34.40 34.00
26.40 27.10 20.60 25.00 2.00 26.00 1.60 111.60 35.40 29.00
26.60 27.60 13.60 19.00 2.00 26.00 2.80 112.10 35.20 28.00
27.00 28.50 20.60 12.50 1.00 26.00 7.40 109.80 35.20 20.00
24.60 26.60 22.40 28.00 2.00 26.00 6.60 111.60 34.40 37.00
29.60 26.60 23.60 31.00 2.00 26.00 5.80 110.60 36.80 16.00
26.00 26.20 23.00 15.00 2.00 26.00 8.80 105.10 34.00 21.00
24.40 25.50 20.80 20.50 2.00 26.00 9.80 108.70 33.80 14.00
21.60 24.30 16.80 23.00 3.00 26.00 10.20 112.10 33.80 17.00
21.00 22.80 23.40 27.50 2.00 26.00 15.80 110.30 35.40 27.00
19.00 24.30 24.20 30.00 1.00 26.00 13.00 110.70 32.60 25.00
20.80 23.40 24.80 30.00 2.00 26.00 10.00 110.70 33.00 26.00
21.80 23.10 24.00 36.50 2.00 26.00 9.80 110.00 33.80 17.00
22.40 22.00 17.60 19.50 1.00 26.00 9.00 107.70 33.00 27.00
24.40 22.70 20.20 20.00 2.00 26.00 3.20 108.50 32.80 17.00
22.40 20.70 22.00 21.50 2.00 26.00 2.80 112.40 33.80 29.00
23.20 22.00 23.40 26.50 3.00 26.00 3.60 108.50 33.20 47.00
27.40 24.60 23.60 24.50 2.00 26.00 2.80 113.40 34.60 25.00
29.00 25.70 19.80 25.00 2.00 26.00 1.60 107.70 35.40 19.00
27.40 25.90 22.40 24.00 1.00 26.00 0.80 112.40 34.60 24.00
28.80 25.60 28.00 37.50 2.00 26.00 1.40 108.50 34.00 24.00
27.80 25.50 25.80 33.00 2.00 26.00 1.80 111.60 34.60 32.00
24.80 26.10 18.80 11.00 1.00 26.00 2.60 109.80 32.80 19.00
23.60 26.30 19.20 19.00 2.00 26.00 1.20 108.70 31.20 30.00
25.80 26.60 17.60 18.00 2.00 26.00 4.20 104.80 31.20 32.00
27.40 28.10 18.60 23.50 2.00 26.00 2.80 105.70 32.60 32.00
29.00 28.40 34.00 41.00 2.00 26.00 3.60 105.70 32.40 24.00
27.40 26.10 25.40 23.50 1.00 26.00 1.40 110.60 32.20 29.00
29.40 26.50 18.60 13.00 3.00 26.00 2.80 110.60 34.00 30.00
29.40 27.60 23.40 27.00 2.00 26.00 5.80 112.10 34.00 31.00
29.20 28.30 24.20 21.50 1.00 26.00 6.80 110.30 33.20 20.00
26.80 27.90 24.60 33.00 2.00 26.00 7.40 113.40 32.60 21.00
26.20 26.80 24.40 30.00 157.00 26.00 5.60 104.70 29.00 27.00
25.80 27.60 26.00 25.50 2.00 26.00 10.60 110.00 28.60 32.00
26.20 27.80 14.80 14.00 3.00 26.00 11.00 107.00 28.80 24.00
24.80 27.00 33.20 35.50 1.00 26.00 7.00 107.70 29.40 24.00
25.60 26.20 26.20 23.00 3.00 26.00 4.80 106.80 27.20 11.00
23.60 24.90 25.20 33.00 1.00 26.00 12.60 109.10 28.80 26.00
23.40 24.60 31.00 35.50 2.00 26.00 10.40 106.20 29.20 23.00
21.60 23.90 29.40 23.50 2.00 26.00 7.60 106.20 29.00 34.00
23.60 24.20 23.00 26.50 3.00 26.00 9.40 114.40 29.00 28.00
24.40 25.00 17.80 19.00 2.00 26.00 9.40 106.30 33.20 25.00
27.20 25.40 24.40 15.50 4.00 26.00 7.00 112.10 34.80 22.00
26.40 24.90 24.80 23.00 2.00 26.00 7.40 114.00 34.40 28.00
27.40 24.50 21.80 18.50 1.00 26.00 9.20 106.80 33.40 35.00
27.60 25.60 20.80 18.00 3.00 26.00 9.60 108.30 33.80 30.00
28.00 26.20 18.20 21.00 11.00 26.00 7.20 106.30 33.60 24.00
27.80 27.50 19.00 22.50 2.00 26.00 7.80 110.30 33.60 18.00
27.00 26.70 21.20 27.00 3.00 26.00 4.40 107.60 33.80 32.00
27.80 27.60 26.80 36.50 2.00 26.00 5.00 111.10 33.60 17.00
24.20 25.90 29.60 34.50 2.00 26.00 6.60 110.50 33.40 39.00
26.00 27.00 28.60 29.00 1.00 26.00 8.40 110.00 33.80 22.00
25.60 26.70 28.00 27.00 2.00 26.00 4.00 110.00 34.20 35.00
29.00 28.00 20.40 28.50 2.00 26.00 10.00 111.70 33.80 28.00
28.20 28.00 27.00 28.50 2.00 26.00 11.80 109.10 34.60 27.00
30.20 27.20 24.00 19.00 2.00 26.00 7.00 112.10 34.40 20.00
26.40 26.20 26.00 20.50 5.00 26.00 8.80 110.20 32.20 13.00
24.60 25.10 21.40 21.00 1.00 26.00 6.80 111.00 30.20 29.00
23.40 26.20 21.20 22.00 3.00 26.00 0.80 107.50 30.40 26.00
23.00 25.60 21.60 23.00 2.00 26.00 -4.80 103.90 31.80 22.00
22.00 26.10 24.80 26.00 4.00 26.00 -0.20 114.40 31.80 24.00
22.80 24.60 26.00 23.00 2.00 26.00 -1.40 106.80 31.60 27.00
25.60 25.10 32.00 24.00 2.00 26.00 0.40 107.70 33.60 26.00
25.00 24.20 25.80 38.00 2.00 26.00 -0.20 112.90 34.00 33.00
26.40 24.70 22.20 16.00 2.00 26.00 1.20 110.20 33.20 22.00
26.40 24.20 22.20 28.00 2.00 26.00 2.00 107.50 32.80 21.00
25.80 24.30 24.60 24.50 2.00 26.00 1.80 114.00 35.20 20.00
24.40 25.00 20.40 27.50 2.00 26.00 6.60 110.90 33.80 17.00
22.60 23.80 31.20 25.00 1.00 26.00 10.00 107.70 32.00 25.00
21.00 23.70 23.00 23.50 3.00 26.00 11.00 107.50 32.60 49.00
26.40 26.40 31.20 28.50 2.00 26.00 12.00 106.20 34.20 26.00
27.40 26.60 25.00 23.50 2.00 26.00 10.80 111.10 34.80 34.00
30.20 27.30 27.20 27.00 2.00 26.00 9.80 111.10 36.40 28.00
32.40 27.50 23.80 26.00 1.00 26.00 9.40 109.60 37.60 26.00
32.60 26.80 32.80 35.50 2.00 26.00 9.60 110.50 37.20 29.00
28.60 27.50 23.40 36.00 2.00 26.00 9.60 109.40 35.00 18.00
27.00 27.20 27.60 26.50 2.00 26.00 14.40 109.10 32.60 21.00
24.40 27.30 33.20 34.00 3.00 26.00 10.40 110.50 31.40 25.00
23.80 28.10 24.00 27.50 2.00 26.00 6.40 109.60 31.60 27.00
24.00 28.30 23.40 32.00 2.00 26.00 10.60 107.60 30.60 21.00
22.40 25.50 25.80 30.00 3.00 26.00 7.80 104.00 30.60 23.00
23.40 25.20 18.00 19.50 1.00 26.00 3.60 107.90 31.80 28.00
24.80 24.60 20.20 17.50 2.00 26.00 5.60 110.30 32.80 26.00
25.00 24.40 21.40 20.50 2.00 26.00 8.20 103.90 32.80 35.00
26.60 25.30 31.00 41.50 8.00 27.00 4.00 112.90 33.60 25.00
27.40 24.90 32.60 29.00 2.00 27.00 7.20 112.90 34.40 18.00
26.40 24.90 27.00 24.00 1.00 27.00 5.60 114.00 34.40 8.00
22.40 23.60 20.60 17.50 3.00 27.00 6.20 110.20 32.60 22.00
21.60 23.30 32.40 27.00 4.00 27.00 -0.60 110.50 32.20 46.00
23.80 25.20 25.20 28.50 1.00 27.00 2.60 103.90 34.00 32.00
25.20 26.30 30.40 21.50 2.00 27.00 2.00 112.90 34.20 38.00
29.20 27.80 27.00 33.50 1.00 27.00 4.20 103.90 34.40 23.00
32.20 27.30 18.40 23.50 2.00 27.00 1.60 107.90 35.60 26.00
33.00 27.30 21.40 25.50 2.00 27.00 6.20 108.30 35.20 22.00
28.20 26.00 21.40 26.00 2.00 27.00 0.00 111.70 33.40 29.00
27.60 26.40 15.80 20.00 2.00 27.00 0.40 107.00 31.60 32.00
26.40 27.80 26.20 20.00 2.00 27.00 -4.00 104.00 32.20 23.00
26.40 29.30 28.00 35.00 2.00 27.00 -6.80 107.50 32.40 30.00
27.20 30.10 25.40 28.00 2.00 27.00 -4.00 104.70 33.00 28.00
28.40 28.30 19.60 22.00 2.00 27.00 -5.20 110.20 32.60 35.00
29.60 28.60 19.40 29.50 2.00 27.00 -4.60 111.00 34.40 26.00
28.40 27.40 24.60 26.00 2.00 27.00 2.80 113.90 33.80 37.00
31.20 28.80 28.00 24.00 2.00 27.00 9.20 109.10 34.40 38.00
32.80 30.00 19.40 24.50 2.00 27.00 8.60 110.90 36.20 38.00
34.80 31.60 28.00 28.50 2.00 27.00 13.00 110.00 36.40 41.00
36.00 32.80 30.80 30.00 2.00 27.00 7.00 106.20 37.40 35.00
37.80 33.10 29.20 25.50 195.00 27.00 10.20 113.80 37.40 27.00
35.80 33.50 26.20 27.50 2.00 27.00 7.00 111.40 36.80 26.00
33.40 33.10 22.20 28.50 1.00 27.00 5.00 111.40 35.00 19.00
29.60 32.20 20.40 14.00 2.00 27.00 7.20 116.00 36.20 9.00
23.20 29.60 24.60 27.50 2.00 27.00 7.40 111.50 33.60 31.00
22.40 30.10 25.20 26.00 2.00 27.00 5.60 113.80 33.60 12.00
19.40 27.60 28.20 34.50 2.00 27.00 8.20 111.50 32.00 23.00
18.80 26.10 22.20 27.00 4.00 27.00 8.80 111.40 32.40 15.00
18.00 23.80 31.20 38.00 2.00 27.00 8.20 117.70 31.80 21.00
20.40 21.80 30.20 31.00 2.00 27.00 14.20 117.70 31.80 26.00
19.40 20.90 28.20 34.50 2.00 27.00 11.60 115.40 31.60 24.00
21.80 20.60 27.20 23.00 2.00 27.00 12.20 108.80 30.80 29.00
23.00 20.90 26.00 25.50 2.00 27.00 9.40 109.40 29.60 8.00
21.60 19.80 25.00 31.00 9.00 27.00 12.20 116.10 28.00 31.00
23.60 22.00 22.60 17.00 1.00 27.00 10.80 111.40 30.00 39.00
26.20 22.80 31.20 39.50 2.00 27.00 10.00 112.00 31.80 19.00
25.20 23.50 24.80 26.00 3.00 27.00 11.60 116.90 34.00 32.00
25.80 24.40 27.40 28.00 2.00 27.00 16.00 116.90 33.40 17.00
27.60 24.60 24.00 21.00 2.00 27.00 12.20 113.60 33.40 24.00
26.20 24.90 34.20 35.50 2.00 27.00 8.00 109.90 33.00 32.00
24.80 25.50 23.80 31.00 2.00 27.00 6.00 114.00 31.80 19.00
24.80 25.00 17.20 8.50 2.00 27.00 2.60 116.00 32.20 33.00
25.00 25.40 22.80 19.50 2.00 27.00 -0.60 113.80 33.60 31.00
27.80 27.70 25.60 28.50 4.00 27.00 -0.60 113.30 35.00 43.00
31.60 28.90 28.20 27.00 2.00 27.00 6.60 111.50 34.60 25.00
30.20 27.50 22.20 27.50 2.00 27.00 3.60 112.60 34.20 40.00
34.40 29.60 28.40 30.50 2.00 27.00 7.20 108.30 35.40 13.00
30.40 27.70 19.60 21.00 3.00 27.00 11.40 116.00 36.00 29.00
30.00 28.90 26.40 27.50 2.00 27.00 11.20 110.10 36.20 41.00
29.60 30.60 32.80 28.00 2.00 27.00 8.00 114.10 38.40 20.00
28.60 29.40 26.80 29.00 1.00 27.00 13.40 114.10 38.80 40.00
28.60 31.50 21.20 24.50 2.00 27.00 9.20 110.60 37.20 19.00
29.80 30.10 27.00 26.00 2.00 27.00 9.40 108.80 37.00 30.00
30.00 30.00 28.60 29.50 1.00 27.00 10.40 111.10 36.20 24.00
26.60 28.10 29.00 24.50 3.00 27.00 6.20 112.00 34.00 12.00
25.00 26.80 18.40 28.00 1.00 27.00 7.20 107.70 31.40 28.00
22.60 25.60 26.80 24.00 3.00 27.00 11.00 111.50 32.00 14.00
21.60 25.70 31.20 34.50 2.00 27.00 10.20 110.10 31.80 21.00
19.80 24.90 21.40 22.00 4.00 27.00 10.80 111.50 31.00 17.00
18.40 22.50 19.80 31.00 2.00 27.00 15.80 116.00 31.40 36.00
23.20 24.10 27.20 31.00 1.00 27.00 16.00 111.10 33.40 31.00
23.80 23.20 34.20 39.00 6.00 27.00 16.60 109.90 32.60 25.00
26.00 23.80 20.60 26.00 4.00 27.00 13.40 110.20 32.80 24.00
26.60 23.20 31.40 28.50 3.00 27.00 9.80 109.90 34.80 26.00
28.40 23.40 27.60 24.50 2.00 27.00 10.60 111.40 35.40 22.00
25.60 24.40 19.40 22.00 2.00 27.00 12.00 113.60 35.20 14.00
22.20 23.00 28.20 27.50 3.00 27.00 11.80 111.10 35.80 20.00
21.20 23.60 21.20 21.50 2.00 27.00 21.00 111.50 34.20 29.00
22.20 24.40 27.40 33.00 2.00 27.00 22.80 112.60 34.20 30.00
23.00 25.70 21.20 21.50 2.00 27.00 23.20 110.60 33.40 27.00
24.00 24.80 23.60 23.00 2.00 27.00 19.00 114.00 33.60 14.00
24.00 23.10 22.40 30.00 8.00 28.00 16.80 107.70 33.60 24.00
24.80 23.00 26.20 24.00 2.00 28.00 11.60 108.30 35.20 15.00
22.00 22.10 26.20 15.50 1.00 28.00 6.00 112.00 33.00 40.00
24.00 23.50 25.00 24.50 2.00 28.00 3.80 116.90 34.60 14.00
21.40 22.70 24.60 14.00 3.00 28.00 9.00 108.30 33.40 18.00
22.20 23.10 19.00 27.00 3.00 28.00 10.40 111.40 33.60 17.00
20.80 22.80 23.20 12.50 2.00 28.00 9.00 109.40 33.60 18.00
21.40 21.70 29.00 23.50 2.00 28.00 10.20 117.70 35.20 37.00
20.80 22.40 25.80 26.50 2.00 28.00 7.60 110.90 34.60 35.00
25.00 23.20 22.00 21.50 2.00 28.00 4.20 111.40 36.80 28.00
27.00 24.60 28.00 29.50 2.00 28.00 -0.60 116.10 36.80 30.00
29.60 25.20 26.40 26.50 2.00 28.00 0.60 111.80 36.20 24.00
30.80 26.10 28.00 31.00 1.00 28.00 3.80 110.90 36.60 22.00
27.80 24.30 31.40 36.00 3.00 28.00 6.80 113.30 36.00 31.00
27.00 26.00 23.00 27.50 3.00 28.00 9.60 109.40 35.00 31.00
27.60 27.30 22.40 23.00 2.00 28.00 15.00 110.20 34.40 25.00
26.60 28.10 23.00 15.50 8.00 28.00 14.60 116.90 34.80 14.00
24.60 27.70 24.20 21.50 4.00 28.00 10.00 113.80 32.40 6.00
21.40 24.60 26.20 19.50 199.00 28.00 6.40 112.70 30.60 29.00
21.00 24.00 21.40 16.50 3.00 28.00 3.80 111.70 31.00 22.00
19.20 23.40 26.00 27.00 2.00 28.00 1.20 109.10 31.60 28.00
19.80 23.20 20.20 18.50 1.00 28.00 3.20 117.70 30.60 27.00
22.40 23.50 26.80 25.50 2.00 28.00 10.00 106.20 32.60 25.00
26.20 23.80 21.20 16.50 2.00 28.00 7.20 112.60 33.20 33.00
27.00 24.00 23.20 13.00 1.00 28.00 7.60 113.20 33.20 28.00
28.20 23.70 30.80 25.50 2.00 28.00 13.00 110.10 32.80 35.00
29.60 24.70 27.60 24.00 2.00 28.00 12.00 112.40 34.00 35.00
31.20 26.80 20.20 14.00 4.00 28.00 10.00 110.70 34.40 36.00
33.40 29.80 30.00 26.00 2.00 28.00 16.20 112.30 36.00 32.00
33.20 30.10 32.80 30.50 3.00 28.00 13.40 110.10 36.00 26.00
32.80 30.50 24.80 26.00 2.00 28.00 7.80 109.90 36.60 18.00
29.40 29.50 28.60 30.50 1.00 28.00 1.40 116.00 35.00 9.00
24.20 27.70 21.40 23.00 2.00 28.00 0.00 108.60 30.60 30.00
23.00 28.20 22.60 25.00 2.00 28.00 -1.60 110.70 30.20 38.00
24.20 28.70 32.00 31.50 2.00 28.00 -4.60 113.80 31.40 39.00
26.80 29.80 23.80 37.00 3.00 28.00 -2.80 110.70 31.00 32.00
29.60 29.50 29.20 31.00 2.00 28.00 6.20 111.50 32.00 21.00
32.00 28.10 28.20 30.00 1.00 28.00 8.20 112.90 36.00 36.00
33.20 28.10 26.60 36.00 4.00 28.00 9.60 112.30 36.40 22.00
30.00 27.10 26.80 35.00 2.00 28.00 12.20 110.70 35.40 23.00
26.80 26.80 19.20 19.00 3.00 28.00 10.00 116.70 35.40 25.00
25.40 27.50 21.00 23.00 1.00 28.00 5.80 113.20 36.00 4.00
22.00 27.00 27.80 28.50 2.00 28.00 5.60 113.10 32.20 26.00
20.00 26.60 27.20 33.50 2.00 28.00 7.60 109.10 30.60 24.00
20.40 25.20 25.60 23.50 2.00 28.00 5.60 112.60 30.60 8.00
17.40 22.10 23.60 22.50 2.00 28.00 8.20 115.80 29.40 31.00
18.60 22.00 27.20 24.00 2.00 28.00 9.60 113.10 29.80 31.00
24.00 23.00 31.00 35.00 1.00 28.00 14.40 117.00 33.40 18.00
22.40 21.20 27.60 28.50 2.00 28.00 12.60 112.40 34.60 26.00
22.80 21.60 20.60 20.00 3.00 28.00 18.60 111.70 35.00 26.00
26.40 21.90 25.00 26.00 1.00 28.00 20.40 109.10 35.40 19.00
24.00 21.30 28.60 24.00 3.00 28.00 13.60 117.00 34.20 13.00
20.40 22.20 26.40 30.50 3.00 28.00 13.20 112.40 33.00 34.00
23.60 23.00 24.00 29.50 1.00 28.00 11.60 108.60 33.40 29.00
24.20 23.50 26.40 19.50 2.00 28.00 6.60 116.00 33.00 4.00
19.80 23.10 20.60 16.50 3.00 28.00 4.80 117.70 32.00 27.00
21.40 22.70 28.80 30.50 2.00 28.00 4.40 110.10 31.60 27.00
24.20 22.30 28.60 30.50 2.00 28.00 1.40 115.50 32.40 25.00
22.40 23.00 24.40 24.50 2.00 28.00 2.60 111.00 31.40 25.00
21.60 22.90 24.40 29.50 3.00 28.00 3.60 109.00 31.60 34.00
27.60 23.70 31.00 37.00 2.00 28.00 0.60 116.80 34.20 42.00
30.60 26.00 27.60 24.50 2.00 28.00 8.80 115.50 35.40 31.00
31.40 27.80 26.20 22.50 2.00 28.00 8.20 111.20 36.40 31.00
32.60 27.50 25.20 25.00 2.00 28.00 1.60 111.00 35.20 26.00
32.80 27.20 26.20 24.50 2.00 28.00 1.80 112.80 35.00 25.00
31.00 29.30 23.00 32.50 4.00 28.00 3.40 114.50 35.40 27.00
28.00 29.30 26.80 31.50 2.00 28.00 3.40 114.50 35.80 29.00
27.60 29.50 24.40 21.50 4.00 28.00 0.60 112.70 35.20 24.00
26.20 29.40 30.40 38.00 1.00 28.00 7.20 112.90 37.00 23.00
25.60 29.20 29.20 28.00 3.00 28.00 5.40 112.80 35.60 29.00
26.40 28.70 31.40 29.50 2.00 28.00 0.40 112.90 34.00 15.00
24.00 26.00 34.60 36.50 8.00 29.00 -4.80 116.80 34.20 21.00
22.40 25.00 30.80 28.00 1.00 29.00 0.80 114.50 33.60 29.00
23.40 24.80 28.60 30.00 2.00 29.00 3.60 112.40 33.40 32.00
25.20 25.40 26.80 19.00 3.00 29.00 9.00 112.90 34.80 14.00
22.20 24.30 22.40 23.00 1.00 29.00 19.60 109.50 34.80 18.00
22.80 23.40 23.00 26.50 2.00 29.00 23.20 112.70 34.60 35.00
25.60 24.00 27.60 21.00 3.00 29.00 21.80 111.50 36.20 25.00
24.80 24.10 27.80 32.00 2.00 29.00 14.40 109.00 38.00 32.00
24.80 25.00 20.60 27.00 2.00 29.00 12.20 117.70 38.40 26.00
27.20 24.70 26.00 29.50 2.00 29.00 6.00 115.80 38.40 35.00
30.60 26.70 22.60 22.50 2.00 29.00 6.20 109.50 38.40 12.00
26.00 25.80 32.80 38.00 2.00 29.00 5.00 113.80 38.20 31.00
27.20 26.00 20.20 20.50 2.00 29.00 9.00 112.60 35.60 16.00
24.00 24.40 27.60 22.50 2.00 29.00 9.20 106.20 35.60 35.00
25.80 26.50 28.00 27.50 2.00 29.00 9.60 111.20 36.80 30.00
24.80 27.70 18.80 24.00 4.00 29.00 13.00 111.70 37.00 29.00
28.20 27.10 27.20 23.00 2.00 29.00 13.60 111.50 35.60 22.00
26.40 26.80 27.00 30.00 2.00 29.00 12.60 106.20 37.80 32.00
29.60 26.80 25.20 21.00 2.00 29.00 8.80 109.90 37.40 26.00
27.80 26.80 30.80 35.00 2.00 29.00 14.60 113.80 36.80 42.00
30.20 27.50 25.00 27.00 2.00 29.00 9.60 112.30 36.60 36.00
31.60 29.90 21.00 19.50 2.00 29.00 9.40 116.70 38.40 19.00
31.00 28.70 23.40 26.50 3.00 29.00 12.80 117.70 36.20 28.00
30.20 29.90 28.60 33.50 1.00 29.00 19.20 106.20 35.60 41.00
33.20 30.50 35.00 36.50 2.00 29.00 13.00 113.80 36.20 22.00
29.20 29.70 22.00 27.50 2.00 29.00 11.80 111.70 36.40 15.00
25.00 28.30 25.00 21.50 193.00 29.00 13.20 102.90 34.60 16.00
24.40 27.70 28.40 29.00 2.00 29.00 7.60 107.50 35.40 41.00
27.00 28.60 27.40 33.00 2.00 29.00 4.40 113.50 36.00 40.00
26.80 30.00 28.20 28.50 1.00 29.00 5.00 111.90 37.20 29.00
28.20 28.70 30.60 36.50 3.00 29.00 6.80 108.20 37.60 26.00
30.40 27.70 22.80 27.00 1.00 29.00 4.20 116.70 39.40 27.00
32.60 28.50 30.20 37.50 2.00 29.00 12.20 113.50 38.40 28.00
30.00 28.50 25.20 17.50 2.00 29.00 10.60 102.90 38.60 23.00
26.60 26.70 20.00 15.00 2.00 29.00 10.40 110.80 37.60 30.00
26.80 27.50 18.00 12.00 2.00 29.00 14.00 111.20 37.40 37.00
29.00 29.70 21.60 26.50 12.00 29.00 15.40 111.20 37.00 33.00
30.20 31.40 25.40 29.50 1.00 29.00 10.00 110.60 38.80 34.00
31.40 30.70 27.60 30.50 2.00 29.00 18.00 112.80 38.60 22.00
31.20 28.90 27.00 27.50 2.00 29.00 12.40 116.70 37.20 30.00
31.20 29.00 34.20 38.50 4.00 29.00 11.20 107.50 36.00 28.00
29.40 29.20 29.80 33.00 2.00 29.00 7.20 109.30 36.20 38.00
30.40 30.30 25.60 22.00 2.00 29.00 11.00 108.30 36.40 27.00
29.00 30.20 33.20 31.50 2.00 29.00 1.60 116.60 36.80 56.00
35.80 33.50 20.40 22.00 1.00 29.00 5.40 112.00 38.20 48.00
39.40 35.30 31.80 34.50 5.00 29.00 6.40 107.50 38.40 16.00
37.00 33.20 25.60 14.50 3.00 29.00 10.60 112.60 36.60 20.00
33.40 31.90 30.00 29.00 3.00 29.00 6.80 112.80 36.20 34.00
34.80 31.90 27.80 26.50 3.00 29.00 7.40 115.50 35.80 27.00
29.00 32.40 26.00 23.50 1.00 29.00 8.80 114.40 36.60 32.00
25.80 32.60 24.20 27.00 2.00 29.00 7.60 114.40 35.60 25.00
27.60 32.30 24.60 26.50 2.00 29.00 4.20 108.30 37.20 27.00
29.00 31.20 20.40 6.50 1.00 29.00 0.40 110.60 36.80 37.00
29.60 32.20 27.60 28.50 2.00 29.00 6.40 116.70 36.80 36.00
31.40 30.20 26.00 33.50 2.00 29.00 9.20 112.00 35.80 23.00
29.60 27.70 34.20 32.00 2.00 29.00 11.60 111.90 35.80 41.00
32.80 30.20 35.00 31.50 1.00 29.00 13.60 111.90 35.60 46.00
36.60 32.80 28.60 30.00 6.00 29.00 18.00 111.90 37.00 35.00
36.20 32.90 25.40 35.00 2.00 29.00 19.60 111.20 37.20 19.00
32.80 32.10 22.60 26.00 2.00 29.00 15.20 111.20 37.40 10.00
30.20 29.90 21.20 21.00 3.00 29.00 13.60 110.80 37.20 24.00
26.80 29.80 26.20 29.50 2.00 29.00 13.40 106.10 36.00 20.00
21.60 29.10 24.40 25.50 2.00 29.00 16.00 113.20 33.40 27.00
20.00 28.10 21.60 17.00 2.00 29.00 13.60 112.60 31.80 35.00
23.20 28.00 31.80 33.50 2.00 29.00 16.20 108.20 31.40 20.00
25.20 27.70 15.00 16.00 2.00 29.00 6.80 113.50 32.00 33.00
27.00 26.90 25.60 26.00 2.00 29.00 5.80 112.80 33.80 17.00
26.40 24.00 25.40 26.50 2.00 29.00 1.20 113.20 34.40 28.00
26.60 23.30 25.40 15.50 1.00 29.00 -3.00 111.60 35.80 28.00
25.20 24.20 28.20 27.00 2.00 29.00 -5.60 115.50 35.80 27.00
26.60 25.90 28.40 27.00 2.00 29.00 1.40 115.50 36.60 38.00
27.60 27.30 25.00 24.50 1.00 29.00 6.00 106.10 35.80 28.00
29.80 28.10 25.00 28.50 2.00 29.00 11.00 114.40 35.40 26.00
29.40 28.00 31.00 31.50 2.00 29.00 14.80 112.80 33.80 40.00
31.80 28.50 31.80 37.00 2.00 29.00 19.60 112.80 32.60 26.00
31.60 29.10 25.80 20.50 8.00 30.00 18.60 111.60 32.60 29.00
29.80 28.70 27.20 34.50 2.00 30.00 16.60 110.60 32.80 12.00
